22
111
4240
9962
10256
30154
30208
30274
30284
30318
30373
30418
30427
30570
30640
30675
30688
30763
30802
31196
31478
31746
31839
31922
32173
32219
32382
32489
32699
32950
32993
33080
33129
33282
33470
33591
33837
33894
34294
34327
34500
34634
34651
34654
34756
34801
34805
34905
35078
35700
35967
36079
36154
36323
36600
36932
37041
37042
37117
37184
37689
37872
38207
38412
38720
38818
38907
39070
39144
39280
39335
39531
39586
39690
39703
39759
40055
40062
40294
40587
40711
41025
41220
41443
41999
42100
42282
42324
42406
42531
42662
42902
43068
43073
43254
43289
43395
43576
43839
44109
44404
44560
44640
44795
44933
44998
45180
45573
45685
45991
46082
46166
46421
46489
46505
46624
46719
46735
46829
47042
47055
47147
47159
47429
47481
47571
47584
47773
47990
48016
48061
48104
48135
48234
48366
48401
48522
48575
48651
48652
48970
49159
49284
49307
49519
49546
49704
49712
49738
49842
49989
50082
50281
50416
50533
50633
50907
50922
51088
51140
51400
51497
51580
51583
51800
51855
51970
51991
52337
52432
52630
52683
53008
53154
53164
53278
53503
53510
53559
54343
54507
54551
54862
54961
55349
55353
55416
55447
55487
55728
55921
56032
56122
56272
56291
56325
56381
56447
56677
56683
56957
57152
57225
57475
57662
57924
58180
58478
58905
59124
59257
59605
59679
59797
59814
59816
59842
